%YAML:1.0
---
cameraMatrix: !!opencv-matrix
   rows: 3
   cols: 3
   dt: d
   data: [ 1.1982929682211955e+03, 0., 1.0031584226405167e+03, 0.,
       1.2091217994543633e+03, 5.5106962307134893e+02, 0., 0., 1. ]
distCoeffs: !!opencv-matrix
   rows: 1
   cols: 5
   dt: d
   data: [ -5.0932019096871073e-01, 3.1630810201101595e-01,
       -5.4358400216733688e-03, -1.0064473057193515e-02,
       -1.0689111862454148e-01 ]
