%YAML:1.0
---
cameraMatrix: !!opencv-matrix
   rows: 3
   cols: 3
   dt: d
   data: [ 4.7253557850154391e+02, 0., 3.2371276037928334e+02, 0.,
       4.7159764707015580e+02, 2.3384312872362858e+02, 0., 0., 1. ]
distCoeffs: !!opencv-matrix
   rows: 1
   cols: 5
   dt: d
   data: [ -4.4626334451673577e-01, 2.4743317318853048e-01,
       -8.1511029675525293e-04, -6.3153671239013617e-04,
       -7.7325005728512336e-02 ]
